[I 2023-09-22 21:01:28,945] Trial 9 finished with value: 0.997439587574111 and parameters: 
{'num_leaves': 287, 
'bagging_fraction': 0.6785938652428409, 
'bagging_freq': 7, 
'feature_fraction': 0.8144210423840036,
'lambda_l1': 4.620714189907504e-06,
'lambda_l2': 0.29998129470422397,
'min_data_in_leaf': 74,
'feature_pre_filter': True}.
Best is trial 8 with value: 0.997480186678666.
